1209324
1209279
1209797
1209145
1209128
1209064
480854
414416
351714
360158
337384
213541
213946
1209059
1209038
1208790
1208736
1202118
1208717
1208710
1208697
1208696
1208695
1208688
1208686
1208682
1208410
1208375
1208401
1208370
1208342
1208337
1208277
1208258
1208124
1208036
405627
411292
1207923
1207922
1207920
1207868
107856
1207849
1207843
1207821
1207808
1207796
1207713
1207706
1207678
1207676
1207666
1207478
1207468
1207464
1207463
1207461
1207447
1207393
1207313
634804
554488
1207308
1102269
1207208
1207157
1207156
1207082
1207080
1206730
1206683
1206620
1206619
1206617
616107
1206609
1206438
1206295
1206242
1206236
1206219
1206214
1205989
1205967
1205955
1205949
1205856
1205844
1205828
1205821
547851
1205358
1205294
1205275
1205184
1205181
1204999
1204970
1204969
1204929
1204928
1204927
1204813
1204811
1204723
1204630
1204627
1204542
1204537
1204527
1204276
1204270
1204074
1204071
1204070
1204065
1204061
1204060
1204059
1204044
1204036
1203854
1203852
1203841
1061314
627742
1203830
1203822
1203821
1203802
1203801
1203800
1203784
1203751
1203555
1203478
1203462
1203479
1203524
1203557
1203495
1203256
1203373
1203372
1203222
1203255
1203269
1203258
1203277
1203236
1203283
1203252
629047
1203039
1202987
1202860
1202829
1126646
1073315
641316
1202768
1202697
1202705
648444
1202696
1202709
1202686
504439
1202600
1202601
601724
1202591
1202580
1202576
1202437
1202417
1149508
576679
1202351
1202349
1202344
586874
1202118
1201936
1201562
1201684
1201562
1201581
1201435
1201212
1201388
1201423
1201391
1201221
1201217
1201206
1201118
1201030
1200930
1200902
1200954
1200970
1200977
1200983
1200985
1200798
1200877
1200880
1200470
1200476
1200375
1196923
1200269
1205189
1200270
642229
1200128
1200034
1200156
1200159
1200177
1200179
1200182
1199886
1199910
350788
478532
1199763
1199672
1199694
1199873
1199732
1199731
1199703
540704
1199708
1199529
1083967
1083979
1083382
1082999
1083003
1079695
1082819
1081983
1081256
1081342
1081550
1081268
1080564
1079708
1081254
1079939
1079731
1080329
1079725
1077817
1076890
1077774
1077772
418973
1074243
1074021
1074022
1073198
1069579
1072730
1203794
1071977
1071379
1072134
1184667
641435
641338
515064
1069065
1069066
1209292
1067720
1067643
1066976
281146
1065213
1066361
1064999
1065014
1065030
1063432
1062482
1042940
1061313
1060955
1055313
1059013
1058187
1059753
1058185
1058178
1054780
1063140
1050067
496525
1050130
1045602
1049680
1179072
1042944
1045447
1045410
1042867
1042874
1023960
542765
1041359
1040849
1036183
1036185
1040326
1038951
1038991
1038275
1039514
463493
1037952
1038318
1035108
1036722
597494
1032479
1032520
1071937
1062142
1032549
1017433
1083088
1016595
416155
1083444
1188022
508262
1188027
1188032
1187593
1015412
1134815
1187594
1187643
640291
635851
1186883
1187362
1187368
1118588
1187379
1186482
1186483
1186632
1186813
1186364
1186329
1180195
1180203
1186390
651712
565384
1186392
1186405
1186365
1186450
1186451
1186455
504446
1186459
1186469
1186477
1186481
1185830
1185358
497371
1185448
1185420
1185425
1185426
1185430
1185428
1185419
1184664
1185252
368652
296772
1184488
1184491
1184591
1184589
1184446
1183721
1196941
1142760
1183550
1182951
1182955
1079488
583084
1182973
1182971
1182985
1183003
1183397
1182576
502016
485676
1182352
1182359
1182387
1181693
1201218
1181761
1181765
1181715
1181729
1175247
1175227
1175281
1181379
1181537
1180773
1026130
416900
1180759
1180616
1180628
1038779
1179802
1179817
1179819
1179609
1179226
1178422
1179134
1179164
1173136
1173141
360314
1178314
1178420
1092885
1177540
1178306
1177539
1034550
285554
1154263
1052231
1176761
1176765
1176831
1175453
1169826
644781
1175729
1175734
1175738
1175741
529185
1175968
1017192
548195
547913
472592
463715
1175790
1176129
1176057
1175599
1175475
1175745
1174620
1174340
1174343
1174361
1174482
1161644
1173025
1172025
1173128
1171968
1171973
1168498
1168500
1168501
1168908
1168966
1168978
1167619
1167620
1166853
1166862
1166863
1165946
1165930
1165892
1164890
1164985
1164871
1164867
1164498
1164499
1164826
1164835
1164843
641796
600484
1164468
1162766
1162787
1162806
1162620
1161629
1160534
1160559
1160562
1161585
1160529
1158246
563811
1160356
1160395
1158209
1158226
1158343
1145795
1158360
1158120
487520
1155462
1156353
1156356
1156508
1156507
1150922
1147156
1150902
1149508
576679
1050140
1150141
1150184
1149102
292976
404275
1071977
1147755
1146464
1150165
1144673
1145389
1147784
1134299
1030126
172270
475470
1135370
1131688
1067769
1130528
429914
509784
356960
1128198
1128035
1011742
1101745
1101044
1101047
1101048
1097350
1095846
1098163
487520
1019294
1196624
1088222
1090119
1090135
1091444
1085409
1083964
1199519
1199604
1199606
1199508
1199507
1199617
27507
1199235
1199458
1199035
1199037
1199041
1199046
1199053
1198921
1198920
1098899
1198858
1198855
1198854
1198853
1198847
1198819
1198810
1198809
1198627
1198624
1198652
1198653
1198640
1198654
1198656
1198658
1198659
1198660
1198661
1198662
1198663
1198667
1198536
1198556
1078972
1078351
1078326
1198319
1198321
1198322
1197781
1197183
604195
1197224
1197426
1197429
1196951
1197003
1197066
1197101
1197102
1196645
1196781
1196782
1196785
1195773
1196787
525411
1196608
1196812
1196818
1196819
1196625
1014800
1196456
1196540
1196541
593597
1196555
1196274
1196387
1196388
1195971
1195972
1194973
1200744
1195974
1195975
1195976
1195623
1195621
1195649
1195650
1199843
557774
1195420
1194961
1195080
1195103
1195111
1195126
1195165
1195167
1195173
1192378
1194903
1023376
1194921
1194941
1191502
1194526
1194528
1194548
1194554
1194289
1194290
1194292
1194300
580763
1194328
1194337
1194013
1194015
1194047
1194081
1194083
1194007
1193826
1193937
1193950
1193951
1193952
609427
1193959
1193961
1193984
548316
598923
462230
500521
1193991
1194002
1193633
1193622
545012
1028955
1193624
1193709
1193213
1193569
1193308
1193571
1193127
1190464
1192891
1192914
1192922
1192982
1192983
1192984
1192566
1192383
1192416
1192423
1192424
1192427
1192438
1192457
1192458
1192460
1192411
1191812
1191914
1191920
1191921
1191922
1192243
1191296
1191520
1191688
1191695
1190864
1191264
1191055
1191137
1191139
190873
1190879
1190883
1023749
1190463
1190307
1190391
1190414
1190443
1190210
1190083
1190088
1190081
1190042
1190050
1190054
1190020
517813
1189660
1189473
1189551
1189592
1189600
1189301
1189304
1189350
1189352
1189379
1189389
1189393
1189402
1189058
1189101
1189113
1189114
1109119
1188850
1189012
1188839
1188646
1188747
1188749
1188798
1188805
1188484
1188485
1188462
1188633
1188645
1188667
1188668
1188210
1188077
1188054